# Details of groups of tram stops affected by route changes or unused
# Compiled manually from selecting stops in QGIS
# Stops are from "../Data/gtfs_20220929.zip" , downloaded 3 Oct 2022
#   from https://transitfeeds.com/p/ptv/497 , 
# other than route.58.old.stops, which are from "../Data/gtfs_20150330.zip",
#   downloaded 29 Jun 2021
#   

# route changes ----
# -------------------------------------#
## route 3 - divided into 3 and 3a ----
route.3.only.stops <- c('19690', '19697', '19698', '19700', '19701', '19702', 
                        '19703', '19704', '19705', '21963')

route.3a.only.stops <- c('18623', '18624', '18625', '19119', '19135', '19136',
                         '20508', '20509', '20510', '20511', '20512', '20513',
                         '20514', '20515', '20518', '20519', '22109', '22110',
                         '22111', '22112')


## route 5 - evening shuttle route 5s ----
route.5s.stops <- c('10311', '10371', '11285', '1185', '12599', '1291', 
                    '1575', '1696', '1789', '18441', '19027', '2232', 
                    '398', '409', '7354', '8345', '9156', '940', 
                    '946', '947', '950', '955', '968', '980')


## routes 6 & 8 - extended Melbourne Uni to Moreland ----
route.6.8.new.stops <- c('18712', '18713', '18714', '18715', '18716', '18717',
                        '18718', '18719', '18720', '18721', '18722', '18723', 
                        '18724', '18725', '18789', '18790', '18791', '18792',
                        '18793', '18794', '18795', '19340', '19341', '19342',
                        '19343', '19344', '19345', '19346', '19348', '19349', 
                        '19350', '19351', '19352', '19353', '19354', '19355', 
                        '19356', '19358', '19359', '19360', '19361', '19362')


## route 8 - replaced by route 6, Domain to Moreland ----
route.8.to.route.6.stops <- c('18712', '18713', '18714', '18715', '18716', 
                              '18717', '18718', '18719', '18720', '18721', 
                              '18722', '18723', '18724', '18725', '18789', 
                              '18790', '18791', '18792', '18793', '18794',
                              '18795', '19340', '19341', '19342', '19343', 
                              '19344', '19345', '19346', '19348', '19349', 
                              '19350', '19351', '19352', '19353', '19354', 
                              '19355', '19356', '19358', '19359', '19360', 
                              '19361', '19362', '19489', '19491', '19492',
                              '19494', '19495', '19497', '19498', '19499',
                              '19500', '19502', '19504', '19505', '19528', 
                              '19676', '19678', '19679', '19681', '19684', 
                              '19685', '19686', '19687', '19689', '19691', 
                              '19693', '19694', '19696')


## route 8 - replaced by route 58, Domain to Toorak ----
route.8.to.route.58.stops <- c('18699', '18700', '18703', '18704', '18705', 
                               '18706', '18707', '18708', '18709', '18781', 
                               '18782', '18783', '18784', '18785', '18786', 
                               '19322', '19323', '19325', '19326', '19327', 
                               '19328', '19329', '19330', '19331', '19332', 
                               '19333', '19334', '19335', '19336', '19338', 
                               '52112', '52113')


## routes 11 & 31 - truncated from Harbour Esp to Spencer St ----
route.11.31.truncation.stops <- c('43472', '43473', '43475', '43476', '43477',
                                  '43480')


## route 11 & 31 - Victoria Harbour extension ----
route.11.31.vic.harbour.stops <- c('43474', '47493')


## route 12 - diversion Collins St to La Trobe St ----
route.12.collins.st.stops <- c('17896', '17897', '17898', '17901', '17902', 
                               '17903', '17905', '17906', '17908', '17910', 
                               '17911', '17914', '17915', '18006', '22152', 
                               '22153')

route.12.latrobe.st.stops <- c('18009', '18010', '18011', '18030', '18031', 
                               '18032', '18033', '18035', '18042', '18043', 
                               '18044', '18045', '18046', '18047', '18048', 
                               '18049', '18050', '18187', '18189', '18190', 
                               '18192', '18194')


## Flinders St overpass works temporary route 13 ----
route.13.stops <- c('17597', '17848', '17849', '17885', '18040', '18041', 
                    '18053', '18054', '18055', '18056', '18179', '18180',
                    '18181', '18182', '18189', '18190', '18192', '18199', 
                    '18211', '18214', '18465', '18469', '20981')


## route 16 - former Acland St terminus ----
route.16.old.stops <- c('20520', '20522')


## route 22 - replaced by route 8, Arts Centre to Moreland ----
route.22.to.route.8.stops <- c('18712', '18713', '18714', '18715', '18716', 
                               '18717', '18718', '18719', '18720', '18721', 
                               '18722', '18723', '18724', '18725', '18789',
                               '18790', '18791', '18792', '18793', '18794', 
                               '18795', '19340', '19341', '19342', '19343', 
                               '19344', '19345', '19346', '19348', '19349', 
                               '19350', '19351', '19352', '19353', '19354', 
                               '19355', '19356', '19358', '19359', '19360', 
                               '19361', '19362', '19489', '19491', '19492', 
                               '19494', '19495', '19497', '19498', '19499', 
                               '19500', '19684', '19685', '19686', '19687', 
                               '19689', '19691', '19693', '19694', '19696')


## former route 24 - City to Balwyn North via La Trobe St ----
route.24.stops <- c('17895', '18009', '18010', '18011', '18030', '18031', 
                    '18032', '18033', '18035', '18042', '18043', '18044', 
                    '18045', '18046', '18047', '18048', '18049', '18050', 
                    '18051', '18347', '18348', '18349', '18350', '18351', 
                    '18352', '18353', '18354', '18355', '18356', '18357', 
                    '18359', '18360', '18361', '18362', '18363', '18566', 
                    '18567', '18568', '18569', '18570', '18571', '18574', 
                    '18575', '18576', '18577', '18578', '18579', '18580', 
                    '18581', '18582', '18583', '18584', '19374', '19377', 
                    '19379', '19381', '19382', '19383', '19384', '19385',
                    '19386', '19387', '19389', '19391', '19393', '19394', 
                    '19395', '19726', '19728', '19729', '19731', '19732',
                    '19733', '19735', '19736', '19737', '19738', '19740',
                    '19742', '19744', '19745', '20895', '21966', '22100')


## route 24 - Flinders St overpass temporary extension to Harbour Esp ----
route.24.harbour.esp.stops <- c('18040', '18041', '18053', '18182', '20981', 
                                '43472', '43473', '43475', '43476', '43477', 
                                '43480')


## route 30 - extended from Spencer/La Trobe streets to Waterfront City ----
route.30.extension.stops <- c('18037', '18038', '18039', '18040', '18041',
                              '18052', '18183', '20981')


## routes 30 & 86 - Waterfront City / Central Pier terminus swap ----
route.30.86.waterfront.city.stops <- c('18037', '18038', '18039')


## former route 31 - Victoria Harbour to Hoddle St/Victoria Pde via Collins St ----
